date:2018-09-04 acc:[ 1.          0.97339593  0.99264706  1.          0.96996997  1.          1.
  1.          1.          0.99148418  0.98611714  0.98419865  1.          1.
  0.99404762  1.          0.98856671  0.99324128  0.98669045]
date:2018-09-05 acc:[ 1.          0.98669797  0.98088235  1.          0.996997    1.          1.
  1.          1.          0.96715328  0.97527115  0.99548533  1.          1.
  1.          0.97674419  0.98609147  0.99245195  0.98381019]
date:2018-09-05 acc:[ 1.          0.97496088  0.99852941  0.99270073  1.          1.          1.
  1.          1.          0.97323601  0.96225597  0.98871332  1.          1.
  0.99107143  1.          0.98220179  0.99259173  0.97929322]
date:2018-09-05 acc:[ 1.          0.97730829  1.          1.          0.99399399  1.          1.
  1.          1.          0.98783455  0.99349241  0.98645598  1.          1.
  1.          1.          0.99269213  0.99619283  0.9914882 ]
date:2018-09-05 acc:[ 1.          0.99061033  0.98970588  1.          0.99399399  1.          1.
  1.          1.          0.9756691   0.96355748  0.99322799  1.
  0.99461883  0.99404762  0.97674419  0.98385196  0.99201096  0.98121835]
