date:2018-09-04 acc:[ 1.          0.97809077  0.99705882  1.          0.99099099  1.          1.
  0.99695122  1.          1.          0.98524946  0.99322799  1.          1.
  0.99702381  1.          0.99151344  0.99616207  0.99012131]
date:2018-09-05 acc:[ 1.          1.          0.97205882  1.          1.          1.          1.
  1.          1.          0.98540146  0.98828633  0.99548533  1.          1.
  1.          0.97674419  0.99281     0.99487351  0.99162265]
date:2018-09-05 acc:[ 1.          0.99374022  0.99852941  1.          0.996997    1.          1.
  1.          1.          0.9756691   0.95835141  0.99322799  1.          1.
  0.99404762  1.          0.98455917  0.99441017  0.98204564]
date:2018-09-05 acc:[ 1.          0.9827856   1.          1.          1.          1.          1.
  0.99695122  1.          0.99270073  0.99305857  0.98419865  1.          1.
  1.          1.          0.99387082  0.99685592  0.99286066]
date:2018-09-05 acc:[ 1.          0.99374022  0.99558824  1.          0.99099099  1.          1.
  1.          1.          0.986618    0.95574837  0.99322799  1.
  0.99910314  0.99107143  0.97674419  0.98408769  0.99267704  0.98149282]
