date:2018-09-04 acc:[ 1.          0.98513302  0.99852941  1.          0.99099099  1.          1.
  1.          1.          0.98905109  0.9856833   0.97742664  1.          1.
  0.98809524  1.          0.99068835  0.99468186  0.98915853]
date:2018-09-05 acc:[ 1.          0.9913928   0.97794118  1.          0.996997    1.          1.
  1.          1.          0.97810219  0.97874187  0.99548533  1.          1.
  1.          0.95348837  0.98844884  0.9920093   0.98655316]
date:2018-09-05 acc:[ 1.          0.9827856   0.99558824  1.          1.          1.          1.
  1.          1.          0.98175182  0.94924078  0.98871332  1.          1.
  0.99404762  1.          0.9806695   0.99325796  0.9775358 ]
date:2018-09-05 acc:[ 1.          0.95383412  1.          0.99270073  1.          1.          1.
  1.          1.          0.98053528  0.99566161  0.9751693   1.          1.
  0.99702381  1.          0.98844884  0.9934328   0.98654075]
date:2018-09-05 acc:[ 1.          0.98826291  0.99852941  1.          0.996997    1.          1.
  1.          1.          0.97445255  0.95184382  0.99097065  1.          1.
  1.          1.          0.98196605  0.99381602  0.9790346 ]
