date:2018-09-04 acc:[ 1.          0.98982786  0.99705882  1.          0.99399399  1.          1.
  1.          1.          0.99270073  0.98958785  0.97742664  1.          1.
  1.          1.          0.99328147  0.99628724  0.99217527]
date:2018-09-05 acc:[ 1.          0.99295775  0.95882353  1.          1.          0.99827586
  1.          1.          1.          0.986618    0.98481562  0.99774266
  1.          1.          0.98809524  1.          0.98950967  0.99420804
  0.98778334]
date:2018-09-05 acc:[ 1.          0.99217527  0.99411765  1.          1.          1.          1.
  1.          1.          0.99270073  0.96789588  0.99548533  1.          1.
  0.99404762  1.          0.98844884  0.9960264   0.98655988]
date:2018-09-05 acc:[ 1.          0.97183099  0.99411765  1.          0.996997    1.          1.
  1.          1.          0.98540146  0.98655098  0.98645598  1.
  0.99910314  0.99702381  1.          0.98915606  0.99484256  0.98737398]
date:2018-09-05 acc:[ 1.          0.99295775  1.          1.          1.          1.          1.
  1.          1.          0.97688564  0.96572668  0.99548533  1.
  0.98206278  1.          1.          0.98479491  0.99456989  0.98230992]
